age : 0.12576387152792115
yronset : -0.08693864419542775
premiIndexed : 0.24278346151896188
smstatIndexed : 0.1809504994879566
diabetesIndexed : 0.3129038101726261
highbpIndexed : 0.22478366832372196
hicholIndexed : 0.16789778400628724
anginaIndexe : 0.32674068022275105
strokeIndexed : 0.36918698354044277

